1	2	200
2	1	200
1	6	500
6	1	500
2	3	550
3	2	550
2	6	475
6	2	475
3	4	125
4	3	125
3	5	550
5	3	550
3	7	500
7	3	500
4	5	400
5	4	400
4	7	425
7	4	425
5	8	600
8	5	600
6	7	500
7	6	500
6	9	600
9	6	600
6	11	950
11	6	950
7	8	575
8	7	575
7	9	500
9	7	500
8	10	450
10	8	450
9	10	500
10	9	500
9	11	700
11	9	700
9	12	500
12	9	500
10	13	475
13	10	475
10	14	425
14	10	425
11	12	450
12	11	450
11	15	650
15	11	650
11	19	1300
19	11	1300
12	13	450
13	12	450
12	16	500
16	12	500
13	14	325
14	13	325
13	17	550
17	13	550
14	18	600
18	14	600
15	16	300
16	15	300
15	20	650
20	15	650
16	17	500
17	16	500
16	21	500
21	16	500
16	22	400
22	16	400
17	18	400
18	17	400
17	22	425
22	17	425
17	23	500
23	17	500
18	24	450
24	18	450
19	20	600
20	19	600
20	21	350
21	20	350
21	22	150
22	21	150
22	23	300
23	22	300
23	24	450
24	23	450